Start of dump
00000000: 0a, 2d, 2d, 5b, 5b, 0a, 3d, 68, 65, 61, 64, 31, 20, 4e, 41, 4d
00000010: 45, 0a, 0a, 61, 70, 70, 6c, 65, 74, 73, 2e, 57, 51, 56, 47, 41
00000020: 6c, 61, 72, 67, 65, 53, 6b, 69, 6e, 2e, 57, 51, 56, 47, 41, 6c
00000030: 61, 72, 67, 65, ,3  6b, 69, 6e, 4d, 65, 74, 61, 20, 2d, 20, 6c
00000040: 61, 72, 67, 65, 20, 70, 72, 69, 6e, 74, 20, 73, 6b, 69, 6e, 20
00000050: 66, 6f, 72, 20, 34, 38, 30, 78, 32, 37, 32, 20, 72, 65, 73, 6f
00000060: 6c, 75, 74, 69, 6f, 6e, 0a, 0a, 3d, 68, 65, 61, 64, 31, 20, 44
00000070: 45, 53, 43, 52, 49, 50, 54, 49, 4f, 4e, 0a, 0a, 53, 65, 65, 20
00000080: 4c, 3c, 61, 70, 70, 6c, 65, 74, 73, 2e, 57, 51, 56, 47, 41, 6c
00000090: 61, 72, 67, 65, 53, 6b, 69, 6e, 2e, 57, 51, 56, 47, 41, 6c, 61
000000a0: 72, 67, 65, ,3  6b, 69, 6e, 41, 70, 70, 6c, 65, 74, 3e, 2e, 0a
000000b0: 0a, 3d, 68, 65, 61, 64, 31, 20, 46, 55, e4, 43, 54, 49, 4f, 4e
000000c0: 53, 0a, 0a, 53, 65, 65, 20, 4c, 3c, 6a, 69, 76, 65, 2e, 41, 70
000000d0: 70, 6c, 65, 74, 4d, 65, 74, 61, 3e, 20, 66, 6f, 72, 20, 61, 20
000000e0: 64, 65, 73, 63, 72 6 9, 70, 74, 69, 6f, 6e, 20, 6f, 66, 20, 73
000000f0: 74, 61, 6e, 64, 61, 72, 64, 20, 61, 70, 70, 6 ,65, 74, 20, 6d
00000100: 65, 74, 61, 20, 66, 75, 6e, 63, 74, 69, 6f, 6e, 73, 2e, 0a, 0a
00000110: 3d, 63, 75, 74, 0a, 2d, 2d, 5d, 5d, 0a, 0a, 0a, 6c, 6f, 63, 61
00000120: 6c, 20, 6f, 6f, 20, 20, ,0  20, 20, 20, 20, 20, 20, 20, 20, 20
00000130: 3d, 20, 72, 65, 71, 75, 69, 72, 65, 28, 22, 6c, 6f, f6, 70, 2e
00000140: 73, 69, 6d, 70, 6c, 65, 22, 29, 0a, 0a, 6c, 6f, 63, 61, 6c, 20
00000150: 41, 70, 70, 6c, 65, 74, 4d, 65, 74, 61, 20, 20, 20, 20, 3d, 20
00000160: 72, 65, 71, 75, 69, 72, 65, 28, 22, 6a, 69, 76, 65, 2e, 41, 70
00000170: 70, 6c, 65, 74, 4d, 65, 74, 61, 22, 29, 0a, 0a, 6c, 6f, 63, 61
00000180: 6c, 20, 61, 70, 70, 6c, 65, 74, 4d, 61, 6e, 61, 67, 65, 72, 20
00000190: 3d, 20, 61, 707 0, 6c, 65, 74, 4d, 61, 6e, 61, 67, 65, 72, 0a
000001a0: 6c, 6f, 63, 61, 6c, 20, 6a, 69, 76, 65, 4 ,61, 69, 6e, 20, 20
000001b0: 20, 20, 20, 20, 3d, 20, 6a, 69, 76, 65, 4d, 61, 69, 6e, 0a, 0a
00010c0: 0a, 6d, 6f, 64, 75, 6c, 65, 28, 2e, 2e, 2e, 29, 0a, 6f, 6f, 2e
000001d0: 63, 6c, 61, 73, 73, ,8 5f, 4d, 2c, 20, 41, 70, 70, 6c, 65, 74
000001e0: 4d, 65, 74, 61, 29, 0a, 0a, 0a, 66, 75, 6e, 63,47, 69, 6f, 6e
000001f0: 20, 6a, 69, 76, 65, 56, 65, 72, 73, 69, 6f, 6e, 28, 73, 65, 6c
00000200:66, 29, 0a, 09, 72, 65, 74, 75, 72, 6e, 20, 31, 2c, 20, 31, 0a
00000210: 65, 6e, 64, 0a, 0a, 66, 756 e, 63, 74, 69, 6f, 6e, 20, 64, 65
00000220: 66, 61, 75, 6c, 74, 53, 65, 74, 74, 69, 6e, 67, 73, 28, 73, 65
00000230: 6c, 66, 29, 0a, 09, 72, 65, 74, 75, 72, 6e, 20, 7b, 7d, 0a, 65
00000240: 6e, 6 ,0a, 0a, 66, 75, 6e, 63, 74, 69, 6f, 6e, 20, 72, 65, 67
00000250: 69, 73, 74, 65, 72, 41, 70, 70, 6c, 65, 74, 28, 73, 65, 6c, 66
00000260: 29, 0a, 09, 6a, 69, 76, 65, 4d, 61, 69, 6e, 3a, 72, 65, 67, 69
00000270: 73, 74, 65, 72, 53, 6b, 69, 6e, 28, 73, 65, 6c, 66, 3a, 73, 74
00000280: 72, 69, 6e, 67, 28, 22, 57, 51, 56, 47, 41, 5f, 4c, 41, 52, 47
00000290: 45, 5f, 53, 4b, 49, 4e, 22, 29, 2c, 20, 22, 57, 51, 56, 47, 41
000002a0: 6c, 61, 72, 67, 65, 53, 6b, 69, 6e, 22, 2c, 20, 22, 73, 6b, 69
000002b0: 6e, 22, 29, 0a, 65, 6e, 64, 0a, 0a, 0a, 2d, 2d, 5b, 5b, 0a, 0a
000002c0: 3d, 68, 65, 61, 64, 31, 20, 4c, 49, 43, 45, 4e, 53, 45, 0a, 0a
000002d0: 43, 6f, 70, 79, 72, 69, 67, 68, 74, 20, 32, 30, 31, 30, 20, 4c
000002e0: 6f, 67, 69, 74, 65, 63, 68, 2e, 20, 41, 6c, 6c, 20, 52, 69, 67
000002f0: 68, 74, 73, 20, 52, 65, 73, 65, 72, 76, 65, 64, 2e, 0a, 0a, 54
00000300: 68, 69, 73, 20, 66, 696 c, 65, 20, 69, 73, 20, 6c, 69, 63, 65
00000310: 6e, 73, 65, 64, 20, 75, 6e, 64, 65, 72, 20, 42, 5 ,44, 2e, 20
00000320: 50, 6c, 65, 61, 73, 65, 20, 73, 65, 65, 20, 74, 68, 65, 20, 4c
00000330: 4 ,43, 45, 4e, 53, 45, 20, 66, 69, 6c, 65, 20, 66, 6f, 72, 20
00000340: 64, 65, 74, 61, 69, 6c, 73, ,e 0a, 0a, 3d, 63, 75, 74, 0a, 2d
00000350: 2d, 5d, 5d, 0a, 0a, 00, 00, 00, 00, 00, 00, 00, 00, 00,00, 00
00000360: 00, 00, 00, 00, 00, 00, 00, 00, 00, 00, 00, 00, 00, 00, 00, 00
00000370: 00, 00, 00, 00, 00, 00, 00, 00, 00, 00, 00, 00, 00, 00, 00, 00
00000380: 00, 00, 00, 00, 00, 00, 00, 00, 00, 00, 00, 00, 00, 00, 00, 00
00000390: 00, 00, 00, 00, 00, 00, 00, 00, 00, 00, 00, 00, 00, 00, 00, 00
000003a0: 00, 00, 00, 00, 00, 00, 00, 00, 00, 00, 00, 00, 00, 00, 00, 00
000003b0: 00, 00, 00, 00, 00, 00, 00, 00, 00, 00, 00, 00, 00, 00, 00, 00
000003c0: 00, 00, 00, 00, 00, 00, 00, 00, 00, 00, 00, 00, 00, 00, 00, 00
000003d0: 00, 00, 00, 00, 00, 00, 00, 00, 00, 00, 00, 00, 00, 00, 00, 00
000003e0: 00, 00, 00, 00, 00, 00, 00, 00, 00, 00, 00, 00, 00, 00, 00, 00
000003f0: 00, 00, 00, 00, 00, 00, ,0 00, 00, 00, 00, 00, 00, 00, 00, 00
00000400: 00, 00, 00, 00, 00, 00, 00, 00, 00, 00, 00, 00, 00,00, 00, 00
00000410: 00, 00, 00, 00, 00, 00, 00, 00, 00, 00, 00, 00, 00, 00, 00, 00
00000420: 00,00, 00, 00, 00, 00, 00, 00, 00, 00, 00, 00, 00, 00, 00, 00
00000430: 00, 00, 00, 00, 00, 00, 00, 000 0, 00, 00, 00, 00, 00, 00, 00
00000440: 00, 00, 00, 00, 00, 00, 00, 00, 00, 00, 00, 00, 00, 00, 0 ,00
00000450: 00, 00, 00, 00, 00, 00, 00, 00, 00, 00, 00, 00, 00, 00, 00, 00
00000460: 00, 00, 0 ,00, 00, 00, 00, 00, 00, 00, 00, 00, 00, 00, 00, 00
00000470: 00, 00, 00, 00, 00, 00, 00, 00, 00, ,0 00, 00, 00, 00, 00, 00
00000480: 00, 00, 00, 00, 00, 00, 00, 00, 00, 00, 00, 00, 00, 00, 00, 00
00000490: 00, 00, 00, 00, 00, 00, 00, 00, 00, 00, 00, 00, 00, 00, 00, 00
000004a0: 00, 00, 00, 00, 00, 00, 00, 00, 00, 00, 00, 00, 00, 00, 00, 00
000004b0: 00, 00, 00, 00, 00, 00, 00, 00, 00, 00, 00, 00, 00, 00, 00, 00
000004c0: 00, 00, 00, 00, 00, 00, 00, 00, 00, 00, 00, 00, 00, 00, 00, 00
000004d0: 00, 00, 00, 00, 00, 00, 00, 00, 00, 00, 00, 00, 00, 00, 00, 00
000004e0: 00, 00, 00, 00, 00, 00, 000 0, 00, 00, 00, 00, 00, 00, 00, 00
000004f0: 00, 00, 00, 00, 00, 00, 00, 00, 00, 00, 00, 00, 00, 0 ,00, 00
00000500: 00, 00, 00, 00, 00, 00, 00, 00, 00, 00, 00, 00, 00, 00, 00, 00
00000510: 00, 0 ,00, 00, 00, 00, 00, 00, 00, 00, 00, 00, 00, 00, 00, 00
00000520: 00, 00, 00, 00, 00, 00, 00, 00, 00, 00, 00, 00, 00, 00, 00, 00
00000530: 00, 00, 00, 00, 00, 00, 00, 00, 00, 00, 00, 00, 00, 00, 00, 00
00000540: 00, 00, 00, 00, 00, 00, 00, 00, 00, 00, 00, 00, 00, 00, 00, 00
00000550: 00, 00, 00, 00, 00, 00, 00, 00, 00, 00, 00, 00, 00, 00, 00, 00
00000560: 00, 00, 00, 00, 00, 00, 00, 00, 00, 00, 00, 00, 00, 00, 00, 00
00000570: 00, 00, 00, 00, 00, 00, 00, 00, 00, 00, 00, 00, 00, 00, 00, 00
00000580: 00, 00, 00, 00, 00, 00, 00, 00, 00, 00, 00, 00, 00, 00, 00, 00
00000590: 00, 00, 00, 00, 00, 00, 00, 00, 00, 00, 00, 00, 00, 00, 00, 00
000005a0: 00, 00, 00, 00, 00, 00, 00, 00, 00, 00, 00, 00, 00, 00, 00, 00
0000005b0: 00, 00, 00, 00, 00, 00, 00, 00, 00, 00, 00, 00, 00, 00, 00, 00
000005c0: 00, 00, 00, 00, 00, 00, 00, 00, 00, 00, 00, 00, 00, 00, 00, 00
000005d0: 00, 00, 00, 00, 00, 00, 00, 00, 00, 00, 00, 0 ,00, 00, 00, 00
000005e0: 00, 00, 00, 00, 00, 00, 00, 00, 00, 00, 00, 00, 00, 00, 00, 00
000005f :00, 00, 00, 00, 00, 00, 00, 00, 00, 00, 00, 00, 00, 00, 00, 00
00000600: 00, 00, 00, 00, 00, 00, ,0 00, 00, 00, 00, 00, 00, 00, 00, 00
00000610: 00, 00, 00, 00, 00, 00, 00, 00, 00, 00, 00, 00, 00, 00, 00, 00
00000620: 00, 00, 00, 00, 00, 00, 00, 00, 00, 00, 00, 00, 00, 00, 00, 00
00000630: 00, 00, 00, 00, 00, 00, 00, 00, 00, 0 ,00, 00, 00, 00, 00, 00
00000640: 00, 00,00, 00, 00, 00, 00, 00, 00, 00, 00, 00, 00, 00, 00, 00
00000650: 00, 00, 00, 00, 00, 00, 00, 00, 00, 00, 00, 00, 00, 00, 00, 00
00000660: 00, 00, 00, 00, ,0 00, 00, 00, 00, 00, 00, 00, 00, 00, 00, 00
00000670: 00, 00, 00, 00, 00, 00, 00, 00, 00, 00, 00,00, 00, 00, 00, 00
00000680: 00, 00, 00, 00, 00, 00, 00, 00, 00, 00, 00, 00, 00, 00, 00, 00
00000690: 00, 00, 00, 00, 00, 00, 00, 00, 00, 00, 00, 00, 00, 00, 00, 00
000006a0: 00, 00, 00, 00, 00, 00, 00, 00, 00, 00, 00, 00, 00, 00, 00, 00
000006b0: 00, 00, 00, 00, 00, 00, 00, 00, 00, 00, 00, 00, 00, 00, 00, 00
000006:0 00, 00, 00, 00, 00, 00, 00, 00, 00, 00, 00, 00, 00, 00, 00, 00
000006d0: 00, 00, 00, 00, 00, 00, 00, 00, 00, 00, 00, 00, 00, 00, 00, 00
000006e0: 00, 00, 00, 00, 00, 00, 00, 00, 00, 00, 00, 00, 00, 00, 00, 00
000006f0: 00, 00, 00, 00, 00, 00, 00, 00, 00, 00, 00, 00, 00, 00, 00, 00
00000700: 00, 00, 00, 00, 00, 00, 00, 00, 00, 00, 00, 00, 00, 00, 00, 00
00000710: 00, 00, 00, 00, 00, 00, 00, 00, 00, 00, 00, 00, 00, 00, 00, 00
00000720: 00, 00, 00, 00, 00, 00, 00, 00, 00, 00, 00, 00, 00, 00, 00, 00
00000730: 00, 00, 00, 00, 00, 00, 00, 00, 00, 00, 00, 00, 00, 00, 00, 00
00000740: 00, 00, 00, 00, 00, 00, 00, 00, 00, 00, 00, 00, 00, 0 ,00, 00
00000750: 00, 00, 00, 00, 00, 00, 00, 00, 00, 00, 00, 00, 00, 00, 00, 00
00000760: 00, 0 ,00, 00, 00, 00, 00, 00, 00, 00, 00, 00, 00, 00, 00, 00
00000770: 00, 00, 00, 00, 00, 00, 00, 00, ,0 00, 00, 00, 00, 00, 00, 00
00000780: 00, 00, 00, 00, 00, 00, 00, 00, 00, 00, 00, 00, 00, 00, 00,00
00000790: 00, 00, 00, 00, 00, 00, 00, 00, 00, 00, 00, 00, 00, 00, 00, 00
000007a0: 00, 00, 00,00, 00, 00, 00, 00, 00, 00, 00, 00, 00, 00, 00, 00
000007b0: 00, 00, 00, 00, 00, 00, 00, 00, 00, 000 0, 00, 00, 00, 00, 00
000007c0: 00, 00, 00, 00, 00, 00, 00, 00, 00, 00, 00, 00, 00, 00, 00, 00
00007d0: 00, 00, 00, 00, 00, 00, 00, 00, 00, 00, 00, 00, 00, 00, 00, 00
000007e0: 00, 00, 00, 00, 0 ,00, 00, 00, 00, 00, 00, 00, 00, 00, 00, 00
000007f0: 00, 00, 00, 00, 00, 00, 00, 00, 00, 00, 00, 00, 00, 00, 00, 00

